10    4 14
1 0.03 0.01
30 2 0 10 2 4 A
31 2 0 10 3 4 A 
32 1 0 10 7 4 A 
34 1 0 15 1 4 A
33 2 0 15 5 4 A
35 2 0 15 5 4 A
1 0 2 10 2 4 A
2 0 2 10 2 4 A 
3 0 2 10 2 4 A 
4 4 3 15 5 4 A
5 2 3 15 5 4 A
6 3 3 15 5 4 A
7 0 3 15 2 3 A
8 0 4 15 2 3 A
9 1 5 15 2 3 A
10 2 7 15 5 4 A
11 1 7 15 2 3 A
12 3 7 15 2 3 A
13 1 7 15 2 3 A
14 0 9 10 2 4 A
15 2 11 10 2 4 A 
16 0 12 10 2 4 A 
17 4 17 15 5 4 A
18 2 17 15 5 4 A
19 3 17 15 5 4 A
20 1 18 15 2 3 A
21 1 19 15 2 3 A
22 1 19 15 2 3 A
23 2 22 15 5 4 A
24 1 25 15 2 3 A
25 1 25 15 2 3 A
26 1 26 15 2 3 A
-1 